0.000000 88
0.500000 88
1.000000 85
1.500000 85
2.000000 85
2.500000 85
3.000000 85
3.500000 87
4.000000 87
4.500000 89
5.000000 89
5.500000 90
6.000000 93
6.500000 93
7.000000 93
7.500000 93
8.000000 93
8.500000 93
9.000000 93
9.500000 94
10.000000 94
10.500000 94
11.000000 95
11.500000 95
12.000000 95
12.500000 95
13.000000 95
13.500000 95
14.000000 95
14.500000 95
15.000000 95
15.500000 95
16.000000 95
16.500000 95
17.000000 95
17.500000 95
18.000000 95
18.500000 85
19.000000 85
19.500000 93
20.000000 93
20.500000 90
21.000000 88
21.500000 88
22.000000 88
22.500000 88
23.000000 88
23.500000 88
24.000000 88
24.500000 88
25.000000 88
25.500000 88
26.000000 88
26.500000 88
27.000000 88
27.500000 88
28.000000 88
28.500000 87
29.000000 87
29.500000 86
30.000000 85
30.500000 85
31.000000 85
31.500000 85
32.000000 85
32.500000 85
33.000000 85
33.500000 85
34.000000 85
34.500000 85
35.000000 85
35.500000 85
36.000000 85
36.500000 85
37.000000 85
37.500000 85
38.000000 85
38.500000 85
39.000000 85
39.500000 84
40.000000 84
40.500000 84
41.000000 86
41.500000 86
42.000000 86
42.500000 86
43.000000 86
43.500000 86
44.000000 86
44.500000 89
45.000000 91
45.500000 91
46.000000 91
46.500000 91
47.000000 91
47.500000 91
48.000000 91
48.500000 91
49.000000 91
49.500000 91
50.000000 91
50.500000 91
51.000000 91
51.500000 91
52.000000 93
52.500000 95
53.000000 95
53.500000 96
54.000000 96
54.500000 97
55.000000 97
55.500000 97
56.000000 97
56.500000 97
57.000000 97
57.500000 97
58.000000 97
58.500000 97
59.000000 97
59.500000 97
60.000000 97
60.500000 97
61.000000 97
61.500000 97
62.000000 97
62.500000 97
63.000000 97
63.500000 97
64.000000 97
64.500000 97
65.000000 97
65.500000 97
66.000000 97
66.500000 97
67.000000 97
67.500000 97
68.000000 97
68.500000 97
69.000000 97
69.500000 97
70.000000 97
70.500000 97
71.000000 97
71.500000 97
72.000000 97
72.500000 97
73.000000 97
73.500000 97
74.000000 97
74.500000 97
75.000000 97
75.500000 97
76.000000 97
76.500000 97
77.000000 97
77.500000 97
78.000000 97
78.500000 97
79.000000 97
79.500000 97
80.000000 97
80.500000 97
81.000000 97
81.500000 97
82.000000 97
82.500000 97
83.000000 97
83.500000 97
84.000000 97
84.500000 97
85.000000 97
85.500000 97
86.000000 97
86.500000 97
87.000000 97
87.500000 97
88.000000 97
88.500000 97
89.000000 97
89.500000 97
90.000000 97
90.500000 97
91.000000 97
91.500000 97
92.000000 97
92.500000 97
93.000000 97
93.500000 97
94.000000 97
94.500000 97
95.000000 97
95.500000 97
96.000000 97
96.500000 97
97.000000 97
97.500000 97
98.000000 97
98.500000 97
99.000000 97
99.500000 97
100.000000 97
100.500000 97
101.000000 97
101.500000 97
102.000000 97
102.500000 97
103.000000 97
103.500000 97
104.000000 97
104.500000 97
105.000000 97
105.500000 97
106.000000 97
106.500000 97
107.000000 97
107.500000 97
108.000000 97
108.500000 97
109.000000 97
109.500000 97
110.000000 97
110.500000 97
111.000000 97
111.500000 97
112.000000 97
112.500000 97
113.000000 97
113.500000 97
114.000000 97
114.500000 97
115.000000 97
115.500000 97
116.000000 97
116.500000 97
117.000000 97
117.500000 97
118.000000 97
118.500000 97
119.000000 97
119.500000 97
120.000000 97
120.500000 97
121.000000 97
121.500000 97
122.000000 97
122.500000 97
123.000000 97
123.500000 97
124.000000 97
124.500000 97
125.000000 97
125.500000 97
126.000000 97
126.500000 97
127.000000 97
127.500000 97
128.000000 97
128.500000 97
129.000000 97
129.500000 96
130.000000 94
130.500000 94
131.000000 90
131.500000 90
132.000000 88
132.500000 86
133.000000 86
133.500000 84
134.000000 84
134.500000 82
135.000000 82
135.500000 82
136.000000 82
136.500000 82
137.000000 82
137.500000 82
138.000000 82
138.500000 82
139.000000 82
139.500000 80
140.000000 81
140.500000 81
141.000000 82
141.500000 82
142.000000 82
142.500000 84
143.000000 84
143.500000 84
144.000000 84
144.500000 84
145.000000 86
145.500000 86
146.000000 86
146.500000 86
147.000000 86
147.500000 86
148.000000 86
148.500000 87
149.000000 87
149.500000 87
150.000000 87
150.500000 87
151.000000 87
151.500000 87
152.000000 87
152.500000 87
153.000000 87
153.500000 87
154.000000 87
154.500000 87
155.000000 87
155.500000 87
156.000000 87
156.500000 87
157.000000 88
157.500000 88
158.000000 88
158.500000 88
159.000000 88
159.500000 90
160.000000 90
160.500000 90
161.000000 90
161.500000 90
162.000000 90
162.500000 90
163.000000 90
163.500000 90
164.000000 90
164.500000 90
165.000000 90
165.500000 90
166.000000 90
166.500000 90
167.000000 90
167.500000 90
168.000000 90
168.500000 90
169.000000 90
169.500000 90
170.000000 90
170.500000 90
171.000000 90
171.500000 90
172.000000 90
172.500000 90
173.000000 90
173.500000 90
174.000000 90
174.500000 90
175.000000 90
175.500000 90
176.000000 90
176.500000 90
177.000000 92
177.500000 92
178.000000 92
178.500000 94
179.000000 94
179.500000 96
180.000000 96
