0.000000 164
0.500000 164
1.000000 163
1.500000 163
2.000000 162
2.500000 162
3.000000 162
3.500000 162
4.000000 162
4.500000 159
5.000000 158
5.500000 158
6.000000 157
6.500000 157
7.000000 156
7.500000 157
8.000000 157
8.500000 155
9.000000 155
9.500000 153
10.000000 153
10.500000 153
11.000000 151
11.500000 151
12.000000 151
12.500000 151
13.000000 151
13.500000 151
14.000000 151
14.500000 149
15.000000 147
15.500000 147
16.000000 146
16.500000 146
17.000000 144
17.500000 143
18.000000 143
18.500000 144
19.000000 144
19.500000 144
20.000000 143
20.500000 143
21.000000 182
21.500000 182
22.000000 142
22.500000 142
23.000000 142
23.500000 141
24.000000 141
24.500000 141
25.000000 143
25.500000 143
26.000000 143
26.500000 143
27.000000 144
27.500000 145
28.000000 145
28.500000 145
29.000000 145
29.500000 144
30.000000 143
30.500000 143
31.000000 142
31.500000 142
32.000000 139
32.500000 137
33.000000 137
33.500000 136
34.000000 136
34.500000 135
35.000000 134
35.500000 134
36.000000 134
36.500000 134
37.000000 133
37.500000 132
38.000000 132
38.500000 132
39.000000 132
39.500000 130
40.000000 129
40.500000 129
41.000000 130
41.500000 130
42.000000 130
42.500000 131
43.000000 131
43.500000 132
44.000000 132
44.500000 132
45.000000 132
45.500000 132
46.000000 132
46.500000 132
47.000000 132
47.500000 131
48.000000 131
48.500000 131
49.000000 131
49.500000 132
50.000000 131
50.500000 131
51.000000 132
51.500000 132
52.000000 132
52.500000 132
53.000000 132
53.500000 131
54.000000 131
54.500000 131
55.000000 131
55.500000 131
56.000000 130
56.500000 130
57.000000 128
57.500000 128
58.000000 128
58.500000 126
59.000000 126
59.500000 124
60.000000 123
60.500000 123
61.000000 123
61.500000 123
62.000000 122
62.500000 123
63.000000 123
63.500000 123
64.000000 123
64.500000 123
65.000000 124
65.500000 124
66.000000 124
66.500000 124
67.000000 123
67.500000 124
68.000000 124
68.500000 125
69.000000 125
69.500000 125
70.000000 125
70.500000 125
71.000000 126
71.500000 126
72.000000 126
72.500000 125
73.000000 125
73.500000 123
74.000000 123
74.500000 121
75.000000 120
75.500000 120
76.000000 118
76.500000 118
77.000000 117
77.500000 117
78.000000 117
78.500000 117
79.000000 117
79.500000 119
80.000000 120
80.500000 120
81.000000 119
81.500000 119
82.000000 119
82.500000 119
83.000000 119
83.500000 119
84.000000 119
84.500000 117
85.000000 114
85.500000 114
86.000000 113
86.500000 113
87.000000 112
87.500000 111
88.000000 111
88.500000 110
89.000000 110
89.500000 110
90.000000 111
90.500000 111
91.000000 111
91.500000 111
92.000000 111
92.500000 114
93.000000 114
93.500000 115
94.000000 115
94.500000 116
95.000000 117
95.500000 117
96.000000 118
96.500000 118
97.000000 118
97.500000 118
98.000000 118
98.500000 118
99.000000 118
99.500000 118
100.000000 118
100.500000 118
101.000000 119
101.500000 119
102.000000 120
102.500000 120
103.000000 120
103.500000 120
104.000000 120
104.500000 120
105.000000 120
105.500000 120
106.000000 120
106.500000 120
107.000000 120
107.500000 120
108.000000 120
108.500000 120
109.000000 120
109.500000 119
110.000000 120
110.500000 120
111.000000 119
111.500000 119
112.000000 119
112.500000 118
113.000000 118
113.500000 117
114.000000 117
114.500000 115
115.000000 115
115.500000 115
116.000000 113
116.500000 113
117.000000 112
117.500000 112
118.000000 112
118.500000 112
119.000000 112
119.500000 112
120.000000 112
120.500000 112
121.000000 113
121.500000 113
122.000000 115
122.500000 116
123.000000 116
123.500000 116
124.000000 116
124.500000 116
125.000000 116
125.500000 116
126.000000 196
126.500000 196
127.000000 116
127.500000 115
128.000000 115
128.500000 115
129.000000 115
129.500000 115
130.000000 116
130.500000 116
131.000000 116
131.500000 116
132.000000 117
132.500000 116
133.000000 116
133.500000 114
134.000000 114
134.500000 113
135.000000 111
135.500000 111
136.000000 118
136.500000 118
137.000000 117
137.500000 118
138.000000 118
138.500000 119
139.000000 119
139.500000 110
140.000000 112
140.500000 112
141.000000 114
141.500000 114
142.000000 114
142.500000 114
143.000000 114
143.500000 114
144.000000 114
144.500000 114
145.000000 114
145.500000 114
146.000000 114
146.500000 114
147.000000 114
147.500000 114
148.000000 114
148.500000 114
149.000000 114
149.500000 112
150.000000 111
150.500000 111
151.000000 110
151.500000 110
152.000000 118
152.500000 117
153.000000 117
153.500000 115
154.000000 115
154.500000 114
155.000000 113
155.500000 113
156.000000 114
156.500000 114
157.000000 114
157.500000 194
158.000000 194
158.500000 117
159.000000 117
159.500000 117
160.000000 118
160.500000 118
161.000000 118
161.500000 118
162.000000 118
162.500000 117
163.000000 117
163.500000 117
164.000000 117
164.500000 117
165.000000 117
165.500000 117
166.000000 116
166.500000 116
167.000000 115
167.500000 114
168.000000 114
168.500000 114
169.000000 114
169.500000 115
170.000000 117
170.500000 117
171.000000 118
171.500000 118
172.000000 119
172.500000 110
173.000000 110
173.500000 111
174.000000 111
174.500000 111
175.000000 112
175.500000 112
176.000000 111
176.500000 111
177.000000 111
177.500000 110
178.000000 110
178.500000 119
179.000000 119
179.500000 119
180.000000 119